333153:

Usage:
  Non-class:     62,48 MB used.
      Class:      9,05 MB used.
       Both:     71,52 MB used.

Virtual space:
  Non-class space:       64,00 MB reserved,      62,75 MB ( 98%) committed,  1 nodes.
      Class space:        1,00 GB reserved,       9,31 MB ( <1%) committed,  1 nodes.
             Both:        1,06 GB reserved,      72,06 MB (  7%) committed. 

Chunk freelists:
   Non-Class:  960,00 KB
       Class:  2,69 MB
        Both:  3,62 MB

MaxMetaspaceSize: unlimited
CompressedClassSpaceSize: 1,00 GB
Initial GC threshold: 21,00 MB
Current GC threshold: 99,00 MB
CDS: off
MetaspaceReclaimPolicy: balanced
 - commit_granule_bytes: 65536.
 - commit_granule_words: 8192.
 - virtual_space_node_default_size: 8388608.
 - enlarge_chunks_in_place: 1.
 - new_chunks_are_fully_committed: 0.
 - uncommit_free_chunks: 1.
 - use_allocation_guard: 0.


Internal statistics:

num_allocs_failed_limit: 12.
num_arena_births: 756.
num_arena_deaths: 0.
num_vsnodes_births: 2.
num_vsnodes_deaths: 0.
num_space_committed: 1153.
num_space_uncommitted: 0.
num_chunks_returned_to_freelist: 12.
num_chunks_taken_from_freelist: 3060.
num_chunk_merges: 12.
num_chunk_splits: 2215.
num_chunks_enlarged: 1814.
num_inconsistent_stats: 0.

Allocation Histo class:
word size,number
0,0
4,0
8,0
12,0
16,0
20,0
24,0
28,0
32,0
36,0
40,0
44,0
48,0
52,0
56,0
60,5538
64,1898
68,2345
72,1568
76,707
80,397
84,276
88,190
92,197
96,170
100,193
104,130
108,108
112,75
116,127
120,79
124,73
128,36
132,42
136,66
140,39
144,30
148,28
152,39
156,41
160,17
164,21
168,18
172,12
176,30
180,19
184,13
188,12
192,7
196,13
200,16
204,9
208,14
212,20
216,13
220,22
224,35
228,17
232,4
236,3
240,2
244,2
248,3
252,1
256,7
260,3
264,31
268,36
272,14
276,8
280,1
284,3
288,1
292,3
296,0
300,1
304,2
308,1
312,4
316,6
320,3
324,0
328,1
332,2
336,0
340,2
344,1
348,2
352,0
356,1
360,1
364,6
368,0
372,1
376,2
380,3
384,0
388,0
392,1
396,1
400,0
404,0
408,0
412,0
416,0
420,0
424,4
428,0
432,0
436,1
440,0
444,0
448,0
452,0
456,0
460,2
464,1
468,0
472,1
476,1
480,2
484,3
488,0
492,1
496,1
500,0
504,1
508,0
512,0
516,0
520,0
524,0
528,0
532,0
536,0
540,0
544,0
548,0
552,0
556,0
560,0
564,0
568,0
572,0
576,0
580,0
584,0
588,0
592,0
596,0
600,0
604,0
608,0
612,0
616,0
620,0
624,0
628,1
632,1
636,0
640,0
644,0
648,0
652,0
656,0
660,0
664,0
668,0
672,1
676,0
680,0
684,0
688,0
692,0
696,0
700,0
704,0
708,0
712,0
716,0
720,0
724,0
728,0
732,0
736,0
740,0
744,0
748,0
752,0
756,0
760,1
764,1
768,0
772,0
776,0
780,0
784,0
788,0
792,0
796,0
800,0
804,0
808,0
812,0
816,0
820,0
824,0
828,0
832,0
836,0
840,0
844,0
848,0
852,0
856,0
860,0
864,0
868,0
872,0
876,0
880,0
884,0
888,0
892,0
896,0
900,0
904,0
908,0
912,0
916,0
920,0
924,0
928,0
932,0
936,0
940,0
944,1
948,0
952,0
956,0
960,0
964,0
968,0
972,0
976,0
980,0
984,0
988,0
992,0
996,0
1000,0
1004,0
1008,0
1012,0
1016,0
1020,0
1024,0
1028,0
1032,0
1036,0
1040,0
1044,0
1048,0
1052,0
1056,0
1060,0
1064,0
1068,0
1072,0
1076,0
1080,0
1084,0
1088,0
1092,0
1096,0
1100,0
1104,0
1108,1
1112,1
1116,0
1120,0
1124,0
1128,0
1132,0
1136,0
1140,0
1144,0
1148,0
1152,0
1156,0
1160,0
1164,0
1168,0
1172,0
1176,0
1180,0
1184,0
1188,0
1192,0
1196,0
1200,0
1204,0
1208,0
1212,0
1216,0
1220,0
1224,0
1228,0
1232,0
1236,0
1240,0
1244,0
1248,1
1252,0
1256,0
1260,0
1264,0
1268,0
1272,0
1276,0
1280,0
1284,1
1288,0
1292,0
1296,0
1300,0
1304,0
1308,0
1312,0
1316,3
1320,1
1324,0
1328,0
1332,0
1336,0
1340,0
1344,0
1348,0
1352,0
1356,0
1360,0
1364,0
1368,0
1372,0
1376,0
1380,0
1384,0
1388,0
1392,0
1396,0
1400,0
1404,0
1408,0
1412,0
1416,0
1420,0
1424,0
1428,0
1432,0
1436,0
1440,0
1444,0
1448,0
1452,1
1456,0
1460,0
1464,0
1468,1
1472,0
1476,0
1480,0
1484,0
1488,0
1492,0
1496,0
1500,0
1504,0
1508,0
1512,0
1516,0
1520,0
1524,0
1528,0
1532,0
1536,1
1540,1
1544,0
1548,0
1552,0
1556,0
1560,0
1564,0
1568,0
1572,0
1576,0
65532 and larger,0
peak word size: 1541
